4	0.12069854390945808
34	0.10776863798237142
0	0.09651067430015885
20	0.07730804787564222
2	0.036904835289051766
146	0.03517334419309338
3424	0.030985948953611304
14	0.01645932844842569
16	0.011379122999302948
12	0.010968028739305422
6	0.01058397698555162
98	0.010401859613321065
66	0.010391366996366475
48	0.010373771642855587
388	0.009619209860227015
1170	0.009465462402418974
18	0.009384995823227927
2320	0.008912686588855271
944	0.008097792645511767
4250	0.007577675221024572
56	0.00612562402585273
70	0.004590507398558273
92	0.004398294966204831
104	0.0038866633633127894
24	0.0034552643325822486
410	0.0034166311430931717
742	0.003329111798534992
112	0.003303154667814039
1694	0.003050894841608344
32	0.0029972121486759023
850	0.0029301940360475865
526	0.002871531572708926
216	0.0026297998177546374
110	0.0026232477717273725
46	0.002561510325115056
60	0.0024775423996668765
86	0.0024064769442083767
2086	0.0020631216825637596
78	0.0020550025476194886
1364	0.0020504148867110153
4098	0.0017910258279355926
186	0.0017598635761457363
94	0.001632375754526898
564	0.001629082521738391
562	0.0016031590656822663
2596	0.0015457816010086142
158	0.001459601959326057
148	0.0014133833358080123
488	0.001404574645268633
230	0.0013980348880174714
54	0.0013288795202441017
194	0.0012677687462226718
1256	0.0012420900176539976
3590	0.001206232136424824
130	0.0011856995534968399
344	0.0011713238279182786
334	9.997607666009604E-4
116	9.8661664524214E-4
188	8.711986021149217E-4
160	8.621270877571246E-4
42	8.589347700444765E-4
170	8.364092964194555E-4
102	8.079494361709585E-4
164	8.07721577995337E-4
386	8.072153790580811E-4
176	7.946459286218106E-4
854	7.717169431544107E-4
2726	7.582304179372943E-4
190	7.556321408437203E-4
236	7.400979470744142E-4
256	6.80309763595856E-4
226	6.768561249056951E-4
1468	6.758077659336191E-4
278	6.751928821268361E-4
224	6.745081836073314E-4
1720	6.736458299645478E-4
1628	6.587298410769839E-4
264	6.519014523458208E-4
248	6.255836418791044E-4
280	6.232733830144645E-4
108	5.970569939675576E-4
620	5.938591637360361E-4
1008	5.928840207813397E-4
442	5.836471139039207E-4
508	5.72021344242436E-4
364	5.637976449876144E-4
274	5.551397659127515E-4
3030	5.525794344913587E-4
2710	5.292573000031596E-4
268	5.150571167727467E-4
434	5.119141116066981E-4
1634	4.973440131798875E-4
656	4.940015699219921E-4
314	4.909561413754966E-4
544	4.772324042633531E-4
1332	4.683757263664684E-4
182	4.548323430886975E-4
328	4.5315484152291027E-4
174	4.4971187644884155E-4
884	4.4962234331524385E-4
1866	4.336963188391994E-4
168	4.32360830352347E-4
3112	4.267760901114012E-4
746	4.223257951061208E-4
310	4.200537576777083E-4
418	4.183785774487115E-4
358	4.1129201862898134E-4
406	4.102277381055721E-4
356	4.0470884608688744E-4
394	4.0436424361240504E-4
500	3.9808015859542215E-4
144	3.971855257015697E-4
640	3.8134512379906383E-4
346	3.7198860557729086E-4
904	3.6947931152901594E-4
484	3.487761512672027E-4
658	3.465107776721183E-4
506	3.443201474480007E-4
204	3.3290248191437195E-4
300	3.313250198542743E-4
82	3.2968852786887607E-4
696	3.273110329777973E-4
614	3.264911872383969E-4
292	3.225302729857946E-4
650	3.1746165615561997E-4
566	3.1179076544370435E-4
1786	3.1031027040427065E-4
288	3.0831415030638774E-4
1470	3.0598933923710206E-4
1546	3.048190267866468E-4
824	3.016448628139829E-4
450	3.0015933559797187E-4
2452	2.949695841625437E-4
674	2.92292952835649E-4
766	2.9224490952058254E-4
980	2.866914204019441E-4
444	2.8108880975623914E-4
532	2.8096616518008836E-4
784	2.787086976954407E-4
1294	2.777729557428989E-4
1238	2.771863386603512E-4
4416	2.7679117342634325E-4
362	2.7426749896812E-4
2680	2.7385353456383787E-4
458	2.696757135908396E-4
2658	2.6887471023805E-4
670	2.648317946696056E-4
2094	2.63966767490782E-4
570	2.628289764913706E-4
486	2.623870627265766E-4
242	2.6229657075483724E-4
340	2.6161164187973017E-4
596	2.6117894052498064E-4
2354	2.587801826868637E-4
758	2.5872390627495404E-4
1366	2.5140706847568203E-4
736	2.5024537909902806E-4
132	2.4859548481904917E-4
740	2.441988885585017E-4
1490	2.4382312060056035E-4
282	2.4218536659809738E-4
396	2.3830327539539685E-4
1018	2.3787276014665943E-4
680	2.330107603929489E-4
320	2.3088755515511482E-4
482	2.3008186144352918E-4
704	2.2606369016725604E-4
968	2.195421480567901E-4
994	2.1895795695796416E-4
502	2.1857012356828239E-4
1406	2.1747857606589947E-4
318	2.167920738259905E-4
336	2.1669791870273023E-4
788	2.1542757066729954E-4
1038	2.1236623262064502E-4
628	2.1090099122549497E-4
856	2.0865074020269797E-4
1564	2.0321012630332219E-4
1832	2.0057769861429018E-4
874	2.003553458499393E-4
1974	1.9816623728823268E-4
700	1.976927955998948E-4
1036	1.9663639728557578E-4
1150	1.965615919711269E-4
4018	1.9390248275441817E-4
1054	1.9136219314918012E-4
3736	1.8947683865387757E-4
1550	1.8462012744998132E-4
1016	1.845212449875587E-4
498	1.8329314526310952E-4
676	1.8185927319799817E-4
534	1.810834779451986E-4
916	1.8068773198608328E-4
1334	1.7876228890771105E-4
826	1.778936133032626E-4
1066	1.7759601218607664E-4
848	1.7687003038535255E-4
1160	1.7485642676565226E-4
1696	1.742075822665563E-4
4720	1.7391482207427346E-4
1308	1.733991815700505E-4
1276	1.7257620454127402E-4
820	1.715239923187548E-4
1358	1.7145278209278447E-4
604	1.7128118477334622E-4
480	1.709414501405686E-4
698	1.7042837398293905E-4
354	1.700531983437141E-4
684	1.6927318394116227E-4
1378	1.6926948730645487E-4
528	1.6896648142759055E-4
3120	1.68874197995738E-4
1090	1.665622223045613E-4
1980	1.6609260672121486E-4
1080	1.6571290356709852E-4
1690	1.638878853207763E-4
662	1.6351929443756219E-4
516	1.6183223380686554E-4
1528	1.6180792992538846E-4
342	1.6111535038653639E-4
1214	1.6099492195865376E-4
150	1.606861362582694E-4
1040	1.596868163145638E-4
4132	1.5947792054153947E-4
1586	1.5919497466343113E-4
1138	1.5844393944915343E-4
1298	1.5843611821363495E-4
678	1.5815109659393534E-4
1184	1.5781411227002424E-4
906	1.5512801698241638E-4
1354	1.5512130159928605E-4
576	1.5399033197593183E-4
1168	1.539780376027313E-4
4498	1.5381366904292464E-4
846	1.5318942692538055E-4
1506	1.5079694166572215E-4
2842	1.499283605487443E-4
330	1.4978616365404944E-4
1166	1.4862703202216988E-4
4736	1.4861900799083456E-4
1118	1.482433245157183E-4
1178	1.4795885853803028E-4
1412	1.4773081882091114E-4
1106	1.4769054362332172E-4
1930	1.4501566780982048E-4
1010	1.4449842112233883E-4
828	1.438128729956705E-4
1616	1.436856536896139E-4
1288	1.4305793584130393E-4
626	1.425422809070765E-4
1190	1.4088848606612635E-4
1754	1.407942402755016E-4
3930	1.4068031184817924E-4
810	1.4000579169733655E-4
1208	1.398463906835351E-4
1916	1.3964329551286305E-4
1044	1.3841806036467828E-4
1114	1.3815670539047694E-4
714	1.3804085049870393E-4
1376	1.3733123876557407E-4
1660	1.3698514587725058E-4
3246	1.3697407029555458E-4
2216	1.362627962365352E-4
1688	1.3535827597084424E-4
750	1.3532748384148248E-4
3668	1.3491347068590547E-4
2150	1.3489359120187367E-4
1260	1.3449178882003445E-4
2944	1.3449058412127419E-4
2144	1.3411426330315024E-4
1714	1.3368769896483307E-4
892	1.331998777219908E-4
1718	1.3293012985189412E-4
1870	1.3274709876378365E-4
588	1.312616404678965E-4
1384	1.3122044046152986E-4
928	1.3064097971866227E-4
1348	1.304977671359679E-4
2914	1.2970618120376992E-4
1670	1.2882751244352666E-4
1624	1.286835726426085E-4
1300	1.286513945794534E-4
240	1.2856233128916416E-4
2554	1.2842051626423876E-4
1142	1.2840020338690094E-4
2396	1.2829427326986248E-4
990	1.2807259835422887E-4
2210	1.2805432834440595E-4
2096	1.274827832541699E-4
1124	1.2727213937104823E-4
1478	1.269819981153467E-4
2798	1.2692711593200292E-4
1420	1.267813473820712E-4
1600	1.2668971287492812E-4
1508	1.264633069094943E-4
948	1.2598026494166316E-4
1246	1.257772993555843E-4
2968	1.2517532780835066E-4
4656	1.2419243766034866E-4
1250	1.236241188340007E-4
936	1.2330087744642635E-4
1874	1.2250017620202215E-4
510	1.2239634193203795E-4
4698	1.2198004070449954E-4
1512	1.2099663874383005E-4
1894	1.2078762039255923E-4
1210	1.2066941500887478E-4
4604	1.2001705694309592E-4
2030	1.1982264592451576E-4
840	1.1933734999927885E-4
2546	1.191748794129389E-4
1844	1.1910870016821431E-4
1732	1.1759888010904057E-4
1858	1.1726302980885109E-4
2774	1.1718712645933172E-4
862	1.1689549749659523E-4
438	1.1659638785556739E-4
1868	1.1579569939180783E-4
1132	1.1556455366330727E-4
402	1.1545534538005642E-4
1904	1.1500059821036622E-4
1840	1.1443571942225994E-4
2540	1.144042723242833E-4
2314	1.1360416263623307E-4
2866	1.1297325547783304E-4
312	1.129020795651596E-4
802	1.1236051900957466E-4
2830	1.1227231038574525E-4
2884	1.120730773325001E-4
4928	1.1142672321705594E-4
962	1.1121407721742006E-4
3734	1.1107759068312762E-4
1098	1.1056006771899221E-4
774	1.1005592872469272E-4
4954	1.097778936425522E-4
3664	1.0948423374377076E-4
1458	1.0943586820585352E-4
1520	1.0936892020600334E-4
2368	1.0935429862261203E-4
3200	1.093174487215435E-4
2134	1.0911181683117223E-4
2200	1.0883856405418502E-4
1074	1.0865193102860625E-4
1864	1.084131725709687E-4
2356	1.0829890508456269E-4
3604	1.0807410592098113E-4
1808	1.0805374696931234E-4
832	1.0728710137204505E-4
2386	1.067097177995513E-4
1676	1.0663975698524809E-4
1430	1.0637375039171375E-4
3964	1.0627074010385992E-4
732	1.0624351453438372E-4
2566	1.0620801551050077E-4
2060	1.06118946097293E-4
2724	1.0611569153099528E-4
4594	1.0605570991913651E-4
4912	1.0557590260940178E-4
3640	1.0555158951634461E-4
1936	1.0539191839471025E-4
2510	1.0472054898922794E-4
2264	1.0470403791068449E-4
2434	1.0466428285161343E-4
4316	1.0463171828330863E-4
4178	1.0463085802237425E-4
2668	1.0431053439186607E-4
552	1.0386944809518912E-4
3900	1.0340062407469855E-4
1426	1.0279579507522244E-4
4564	1.024605878049269E-4
2044	1.0213457886117496E-4
882	1.0200820039971209E-4
4568	1.019242327721677E-4
1876	1.0192118377563638E-4
1236	1.0176114210722436E-4
1886	1.0162530649655051E-4
2014	1.0108632753512034E-4
1798	1.005035420329199E-4
1252	1.0012742212480581E-4
1000	1.0008716758714757E-4
654	1.0002006881642709E-4
2234	9.993343082202911E-5
3510	9.991115726463942E-5
2036	9.969490046759663E-5
4542	9.929107305694681E-5
3674	9.915578245591273E-5
2528	9.909857458151437E-5
2058	9.896635140960476E-5
1964	9.839417237344116E-5
2998	9.782787797133101E-5
1756	9.770714751399076E-5
2548	9.768287778432577E-5
2126	9.752521902319037E-5
2924	9.665575638166455E-5
2906	9.664571997811689E-5
812	9.630909460328806E-5
1918	9.606067591818215E-5
3838	9.590527208948981E-5
1194	9.577420441830963E-5
3446	9.573821258230741E-5
2660	9.558111609404596E-5
2258	9.544519827726798E-5
252	9.507619426120602E-5
618	9.469063921504926E-5
1092	9.457082927543239E-5
2786	9.444391626683587E-5
3432	9.417646914079343E-5
4514	9.412919219749928E-5
3064	9.389789595449743E-5
4676	9.386497754237691E-5
2698	9.360362151547987E-5
3316	9.353286631141793E-5
2308	9.325458089791317E-5
1352	9.265059353215619E-5
752	9.222017378566746E-5
952	9.22097943367901E-5
1224	9.217346846320692E-5
1978	9.203136100692818E-5
2776	9.134596561819883E-5
2606	9.075001217636767E-5
1292	9.069817335545901E-5
4070	9.049836434633691E-5
4418	9.034802833659548E-5
3340	8.99549109949252E-5
2180	8.986788627025053E-5
3254	8.935858510884472E-5
3904	8.935858510884338E-5
4748	8.935858510884303E-5
2228	8.92945325003189E-5
2204	8.89764979735679E-5
4780	8.895218057218101E-5
2148	8.882950851182957E-5
3712	8.873209779535656E-5
2188	8.820568839575194E-5
4268	8.796715804131939E-5
2102	8.770356079963263E-5
1682	8.752670038033927E-5
4226	8.715747642745758E-5
2440	8.715676645254194E-5
2000	8.701495815336454E-5
2936	8.691476435278414E-5
1536	8.682766057175974E-5
1164	8.677918333492931E-5
2158	8.665952858270324E-5
3008	8.657573097379484E-5
1582	8.651980178841587E-5
4242	8.619937175297426E-5
1576	8.609634127536815E-5
2490	8.60074408887478E-5
1192	8.585208620989444E-5
982	8.580646495001081E-5
3402	8.571762813713343E-5
2738	8.566468804856356E-5
2374	8.545330900423845E-5
960	8.443648015115616E-5
3758	8.404310829097328E-5
1510	8.398550579744111E-5
3362	8.393739016941542E-5
798	8.383987422375794E-5
2426	8.381841074099954E-5
3848	8.379287683874607E-5
1848	8.368571093874916E-5
1162	8.36157861210616E-5
2138	8.302762783769598E-5
1706	8.28909309496276E-5
3926	8.261125719318953E-5
4764	8.254403620905296E-5
2100	8.251548198935092E-5
3262	8.247970467010527E-5
2110	8.244120483029467E-5
830	8.194051363123951E-5
1652	8.17639979619625E-5
1338	8.159797950220708E-5
2836	8.154957646885208E-5
3056	8.154926988510365E-5
1188	8.150696094209935E-5
3456	8.139720065643817E-5
3818	8.128229329994185E-5
1530	8.11763093513973E-5
4380	8.114351783285788E-5
3764	8.101002270369827E-5
3656	8.101002270369823E-5
3530	8.10100227036982E-5
3224	8.075390979733308E-5
1792	8.071644688285786E-5
2828	8.067893048984705E-5
3378	8.059608592409293E-5
1014	8.037735268288888E-5
4868	8.023115681897599E-5
2960	8.02149215222551E-5
2358	8.009697270191108E-5
4930	7.983260225089461E-5
2458	7.970338888321473E-5
3284	7.94325476958943E-5
870	7.936853805765487E-5
592	7.927258375945128E-5
2380	7.88432957781481E-5
3504	7.877084162940439E-5
3328	7.854870081992749E-5
2474	7.848015530819872E-5
1982	7.845763155034461E-5
3512	7.839816895438242E-5
3076	7.833241266598451E-5
2696	7.822716856864909E-5
2720	7.819209057535001E-5
1026	7.809399395118652E-5
4348	7.775211457550742E-5
1032	7.774159684011891E-5
3406	7.745857075992137E-5
3850	7.743206738720581E-5
1382	7.734885226003654E-5
2106	7.725556513914894E-5
4420	7.683574150112426E-5
966	7.64010065326323E-5
3170	7.608766937341018E-5
2814	7.58532144438431E-5
3502	7.571194574359915E-5
1402	7.568162409612148E-5
3916	7.544431443359985E-5
4646	7.544431443359954E-5
2550	7.531117387960998E-5
3058	7.523024873090338E-5
456	7.493502500393314E-5
3370	7.488774360659007E-5
2414	7.46492132521575E-5
4414	7.441905238384503E-5
4310	7.436180400166019E-5
3568	7.414924428878153E-5
1562	7.401399654741873E-5
726	7.391108850920516E-5
3020	7.385411207071457E-5
1794	7.383517226013502E-5
3478	7.377460195257069E-5
2568	7.364820633585042E-5
3746	7.359302417600758E-5
1712	7.358572324620149E-5
1816	7.356004237093192E-5
3794	7.3404190546283E-5
3870	7.336468247891573E-5
1810	7.336118007641937E-5
3800	7.331790924272262E-5
3244	7.321940815050727E-5
2302	7.316504298793288E-5
1638	7.307124321514062E-5
2042	7.294359297583706E-5
2378	7.293269976501056E-5
4198	7.289590899921707E-5
3404	7.266146029855181E-5
4336	7.266146029855101E-5
4246	7.258195018040661E-5
1500	7.241835950804295E-5
2790	7.221271919369295E-5
2654	7.204984400513377E-5
4756	7.19365889197166E-5
2946	7.192492528820804E-5
4660	7.186635911710826E-5
3508	7.16000327626778E-5
3688	7.151954002212853E-5
2556	7.107905679342069E-5
1734	7.106877348397707E-5
3980	7.08775856675198E-5
3290	7.086092781060602E-5
3586	7.082730643681413E-5
1890	7.064514281903332E-5
2950	7.047493204958465E-5
4174	7.046950546554063E-5
1554	7.04462836013555E-5
4436	7.043541499594128E-5
3080	7.0435176990512E-5
2888	7.019260119113467E-5
2214	7.017948815371295E-5
1646	7.011594036151822E-5
2062	7.004382394394041E-5
1380	6.998259954118511E-5
4906	6.998099694674291E-5
1948	6.987860616350163E-5
4354	6.98771170575329E-5
2266	6.985178012387981E-5
3398	6.979676705579557E-5
3300	6.960798692520897E-5
3928	6.954412076383793E-5
4114	6.945455220006592E-5
1742	6.945087367757753E-5
4240	6.924452004116486E-5
1956	6.924252521834795E-5
4150	6.924094496523218E-5
4624	6.913651172748902E-5
2016	6.910372638484468E-5
1602	6.893021339152272E-5
1926	6.881847125491192E-5
4688	6.879737370992759E-5
3842	6.852620970590115E-5
2708	6.848717909597798E-5
3324	6.838902224577845E-5
4136	6.829868789718633E-5
3248	6.829549247761101E-5
2304	6.828840380061687E-5
1446	6.823156299840601E-5
3054	6.820889368247261E-5
4282	6.820889368247258E-5
996	6.76096265674665E-5
1320	6.752169972218316E-5
3116	6.747990561985817E-5
1524	6.74535475601023E-5
3588	6.738025280672969E-5
4990	6.709575202845365E-5
3038	6.709575202845327E-5
2644	6.709575202845322E-5
3250	6.709575202845284E-5
3454	6.709575202845273E-5
3518	6.684847206632773E-5
852	6.599450971879874E-5
3292	6.597619857431225E-5
2028	6.595699738990219E-5
2524	6.559687260991462E-5
3560	6.550554966556791E-5
2860	6.533278818545983E-5
2768	6.510531906410865E-5
3168	6.503588535636785E-5
4918	6.496580909824226E-5
2034	6.487475018961452E-5
4878	6.467792753648488E-5
4382	6.465807755041467E-5
2512	6.463093836598106E-5
3060	6.449842150240749E-5
3976	6.449627642689312E-5
4708	6.439240801154836E-5
4270	6.431289789340488E-5
4444	6.431289789340483E-5
4858	6.431289789340462E-5
2690	6.431289789340442E-5
4784	6.43128978934042E-5
2226	6.391534730268324E-5
4904	6.387017109919264E-5
3626	6.383662521883431E-5
4778	6.3823790196941E-5
3152	6.360567631622619E-5
4390	6.358568142823389E-5
3532	6.355968297447939E-5
2716	6.3517796711962E-5
3212	6.351779671196139E-5
3204	6.349899264907362E-5
1464	6.348689253024174E-5
2370	6.335008553735345E-5
4358	6.330349448055496E-5
3434	6.307468315360266E-5
3886	6.292147082587974E-5
3730	6.292147082587971E-5
3094	6.286846408045033E-5
1884	6.274543688846525E-5
4190	6.269929462764288E-5
2280	6.25371719215155E-5
1802	6.250917838336358E-5
1716	6.247590461095461E-5
2398	6.233476942522369E-5
2270	6.212636964443687E-5
4304	6.206905006213273E-5
2466	6.191230394174106E-5
4948	6.189318619428534E-5
4284	6.184808423093276E-5
2484	6.182469890206666E-5
2574	6.1783030497905E-5
3540	6.169038035151617E-5
4256	6.154956883011088E-5
4228	6.153004375835599E-5
4410	6.153004375835579E-5
4730	6.153004375835554E-5
4700	6.153004375835552E-5
3844	6.153004375835519E-5
4096	6.1530043758355E-5
4538	6.150753367263536E-5
3700	6.148934832252877E-5
2530	6.143748189893715E-5
3412	6.137575175009127E-5
2478	6.129014253981703E-5
3692	6.127592772003415E-5
4528	6.113249316763391E-5
2046	6.101916091720148E-5
3460	6.097347293134593E-5
2118	6.092595500051064E-5
2592	6.088303221189338E-5
3890	6.083862191440676E-5
1068	6.0769263069814834E-5
3164	6.073494257691287E-5
3388	6.073494257691246E-5
3226	6.069518751784073E-5
3382	6.049557358062814E-5
3574	6.020836384300805E-5
3360	6.019396942858206E-5
3470	6.015800836608231E-5
4934	6.01386166908306E-5
4766	6.0078787231838565E-5
4264	6.005242511666686E-5
1770	6.005104435790976E-5
3630	5.999070306538538E-5
2244	5.99460919900506E-5
4262	5.964626557462989E-5
2718	5.964099982310565E-5
3716	5.9582083315800426E-5
1608	5.921340621399453E-5
1818	5.918449527309968E-5
4806	5.9140720977749026E-5
3296	5.9065230095883405E-5
1698	5.90421635531623E-5
3576	5.893736781888212E-5
2992	5.878988465842969E-5
4054	5.874718962330684E-5
3178	5.874718962330657E-5
4238	5.874718962330642E-5
4964	5.87471896233064E-5
4814	5.8747189623306395E-5
4004	5.874718962330634E-5
4490	5.874718962330632E-5
3908	5.8747189623306205E-5
3138	5.873928124589721E-5
1612	5.8725738213132676E-5
3126	5.851512542526938E-5
3952	5.837138472625136E-5
2182	5.810353628594813E-5
3802	5.791233338279188E-5
1452	5.768501599373802E-5
4424	5.764850435440396E-5
3420	5.761779101459333E-5
3040	5.759999968763865E-5
2552	5.758039535945732E-5
2256	5.754891983633946E-5
1584	5.754034578803099E-5
3826	5.748522133788863E-5
3082	5.74485243602835E-5
1942	5.72221721579487E-5
3744	5.714494027282346E-5
4360	5.7077477142276924E-5
3034	5.70774771422769E-5
1704	5.6862353463956914E-5
2564	5.665208465520919E-5
1968	5.6463878368460206E-5
4750	5.644125652190433E-5
942	5.6389633918510395E-5
3302	5.6335382706263756E-5
4296	5.62823759608343E-5
3756	5.6115816719449354E-5
1692	5.5852298503599415E-5
2328	5.579375795250673E-5
2642	5.5790982366099125E-5
3762	5.5601755964023393E-5
2754	5.5551494490200506E-5
3218	5.5422221046364595E-5
2894	5.542222104636456E-5
4068	5.531509858243436E-5
3486	5.519369895855137E-5
4610	5.51936539050275E-5
1356	5.51703051807025E-5
4394	5.516923430681469E-5
4852	5.5169234306814686E-5
4566	5.5103264572550694E-5
4706	5.4965319971739154E-5
2628	5.4904200579667176E-5
4076	5.4852084222421364E-5
4440	5.4771683716093413E-5
4808	5.471052358338014E-5
3032	5.461266347980488E-5
4080	5.4572908420732794E-5
4982	5.457290842073278E-5
2436	5.4546456713920754E-5
3636	5.435797647656765E-5
3888	5.429462300722791E-5
4454	5.429462300722788E-5
3048	5.422745275717728E-5
4060	5.414283096349796E-5
2734	5.411906588149315E-5
3906	5.405609265279514E-5
2526	5.399069730359909E-5
3742	5.3932081153423484E-5
2542	5.3738052180218106E-5
1590	5.3499599526584895E-5
3932	5.349952182578534E-5
4996	5.343446809275824E-5
2850	5.3428000963136394E-5
4438	5.318148135320834E-5
2502	5.306497773037595E-5
4224	5.298270605784771E-5
3392	5.277526619833034E-5
1992	5.2507724411675554E-5
3956	5.249864425720512E-5
2432	5.2452638603552693E-5
1860	5.24049937146041E-5
3834	5.238638017176582E-5
3914	5.238638017176578E-5
2886	5.233658770997405E-5
3740	5.233133470535824E-5
3678	5.231523953974199E-5
4890	5.22020612615223E-5
1952	5.2145769313003956E-5
3006	5.212374832423956E-5
3966	5.2098389737581964E-5
3774	5.207004817772435E-5
2040	5.203607472370997E-5
4900	5.1790054285683916E-5
4984	5.17900542856839E-5
4050	5.170365301873204E-5
4752	5.1484434282646307E-5
4252	5.142651575907246E-5
3036	5.124793984379125E-5
2412	5.120412113826641E-5
4400	5.099067830494106E-5
4008	5.085806467493403E-5
4986	5.07166676907365E-5
3570	5.059740251352012E-5
3346	5.0591379019721286E-5
2544	5.0566834394699225E-5
4946	5.0458326022959406E-5
4908	5.039862721815948E-5
2202	5.03955395660317E-5
4432	5.0120341804654555E-5
2838	5.00950431306996E-5
2616	5.006971356703281E-5
4596	5.006837359263865E-5
762	4.9940992548341097E-5
2988	4.9816757717194705E-5
2184	4.975911445959373E-5
1662	4.9679901414460554E-5
2400	4.964194257215735E-5
4590	4.958014070785097E-5
3276	4.957587772356204E-5
3142	4.950500262945121E-5
4212	4.945533209611496E-5
4134	4.922766002367136E-5
4854	4.918644178970832E-5
3582	4.916079924250462E-5
4614	4.91305168196768E-5
2262	4.912646532785141E-5
4292	4.902260386567534E-5
4588	4.900720015063501E-5
3786	4.898190147668003E-5
4536	4.881984413905727E-5
4480	4.880842485527439E-5
4636	4.8808424855274385E-5
3648	4.873302593672654E-5
2862	4.8661636944854255E-5
3882	4.865083530022626E-5
2232	4.849624171115003E-5
4158	4.8382322903946784E-5
1212	4.832000422577512E-5
4652	4.8297060449951985E-5
3114	4.8212098969192506E-5
4580	4.82120989691925E-5
4644	4.821209896919249E-5
3944	4.8033201203367924E-5
2892	4.802169315995232E-5
4266	4.774828994668435E-5
3282	4.765690766430783E-5
2682	4.7561681453009257E-5
2442	4.7430249474107345E-5
4112	4.740170738041451E-5
4020	4.737724272867783E-5
4104	4.727632719398939E-5
4774	4.715196406060244E-5
2732	4.709589923370585E-5
3714	4.701266623377559E-5
3498	4.692824441445147E-5
1374	4.691911300032283E-5
2496	4.6901850203577676E-5
4062	4.6820671901668054E-5
4152	4.678091684259593E-5
4592	4.660660619897199E-5
3228	4.64620423478006E-5
3516	4.62090556082507E-5
3278	4.611120337049055E-5
2976	4.609357633175525E-5
4734	4.601028031289009E-5
4732	4.5946060602081266E-5
2832	4.5819482247743E-5
4524	4.57954098519132E-5
4530	4.5760536993078024E-5
4344	4.574808803158351E-5
4146	4.5575031991876545E-5
4074	4.552066811501355E-5
2994	4.5396413622680225E-5
3348	4.538948977507151E-5
4578	4.538948977507149E-5
1782	4.538595280446691E-5
3084	4.533822667258375E-5
4398	4.5203966166068226E-5
2652	4.4978643265719515E-5
2952	4.467389871177319E-5
4758	4.4565740145400146E-5
4532	4.452933486060183E-5
4668	4.4461871730055206E-5
4162	4.437599391846648E-5
4830	4.436113855057281E-5
4812	4.4109521906868153E-5
4362	4.406228241835588E-5
4142	4.401443243775322E-5
4944	4.3923139711603444E-5
3558	4.371709273302151E-5
3210	4.369761469184886E-5
4776	4.3593591195610805E-5
2562	4.3586643222375176E-5
3492	4.356798525031223E-5
3102	4.3354849295523007E-5
4476	4.3318718903991005E-5
3856	4.2945417882550296E-5
2938	4.28849210535275E-5
4692	4.280627517579787E-5
4962	4.2804040071277296E-5
4842	4.257072784473165E-5
4992	4.223558842201611E-5
4920	4.214180725702543E-5
3720	4.210463058036675E-5
2904	4.1796368433239806E-5
4128	4.153892833922833E-5
3642	4.1231578302704354E-5
2292	4.102595983507188E-5
4002	4.069082041235632E-5
3675	3.926721067796398E-5
4999	3.9267210677963975E-5
4998	3.926721067796397E-5
4925	3.926721067796396E-5
4978	3.9267210677963954E-5
